Running 2 simulations
Task started model_1
tensor([-0.1247, -0.1447, -0.0879, -0.0881, -0.0709])
tensor([-0.0038, -0.0036, -0.0046])
tensor([-0.0835, -0.0885, -0.0874, -0.0966])
tensor([-3.0323, -2.8421, -2.9371, -2.9620, -2.8953, -2.8416, -2.9472, -2.9752,
        -2.9421, -3.0108, -2.9274, -3.0442])
tensor([0.0169, 0.0179, 0.0168])
tensor([0.0322, 0.0288])
tensor([-0.1320, -0.0723, -0.0852, -0.0919])
tensor([-0.0232, -0.0229, -0.0159])
tensor([-0.1205, -0.0969])
tensor([0.0285, 0.0260, 0.0257])
tensor([-8.3644, -8.2480, -8.2384, -8.1509, -8.2387, -8.1656, -8.3421, -8.3978,
        -8.4054, -8.4074, -8.4313, -8.4022])
tensor([-1.8468, -1.8392, -1.8479])
tensor([0.0093, 0.0102])
tensor([-0.0746, -0.0575, -0.0762, -0.0666, -0.0686])
tensor([0.0283, 0.0324, 0.0303])
tensor([-1.9196, -1.9710, -2.0029, -1.9829, -2.0129, -2.0096])
tensor([0.0309, 0.0308])
tensor([-0.1246, -0.1217, -0.1331])
tensor([-0.1370, -0.0930, -0.0887, -0.1021])
tensor([-0.6335, -0.6305, -0.6319, -0.6239, -0.6277, -0.6181, -0.6368])
tensor([-0.7090, -0.6514, -0.6892, -0.6774, -0.6739, -0.6858, -0.7210, -0.6945])
tensor([-1.7793, -1.6925, -1.7279, -1.7213, -1.7046, -1.7336, -1.7480, -1.7305,
        -1.7635, -1.7137, -1.7916])
tensor([-0.0040, -0.0102, -0.0110])
tensor([-0.0182, -0.0161, -0.0140, -0.0161])
tensor([-7.5234, -7.4019, -7.3953, -7.3955, -7.3208, -7.4894, -7.5494, -7.5553,
        -7.5555, -7.5748, -7.5541])
tensor([-5.2947, -5.2021, -5.2022, -5.1314, -5.2502, -5.3188, -5.3244, -5.3230,
        -5.3423, -5.3257])
tensor([-0.3215, -0.2495, -0.2667, -0.2912, -0.2663, -0.2989, -0.3591, -0.2575])
tensor([-1.0134, -1.0252, -1.0297, -1.0057, -1.0233])
tensor([-0.1086, -0.1065])
tensor([0.0261, 0.0281])
tensor([-0.6692, -0.6758, -0.6804, -0.6749])
tensor([0.0015, 0.0004])
tensor([0.0411, 0.0435, 0.0381])
tensor([-0.0281, -0.0313])
tensor([-0.1726, -0.1400, -0.1389])
tensor([-0.3844, -0.3288, -0.3521, -0.3263, -0.3597, -0.4242, -0.3215])
tensor([0.0366, 0.0358])
tensor([-0.4651, -0.4671, -0.4659, -0.4669])
tensor([-0.0688, -0.0563])
tensor([-2.6425, -2.6850, -2.6699, -2.6593, -2.6855, -2.6784])
tensor([-0.1603, -0.1632, -0.1658])
tensor([-4.7341, -4.6516, -4.6625, -4.6085, -4.6622, -4.6870, -4.6575, -4.7169,
        -4.6367, -4.7480])
tensor([-0.2157, -0.2129])
tensor([0.0192, 0.0148])
tensor([-7.2011, -7.0799, -7.0799, -7.1595, -7.2346, -7.2722, -7.2426, -7.2419,
        -7.2773, -7.2414, -7.2769, -7.2773, -7.2773])
tensor([0.0127, 0.0122, 0.0123])
tensor([-0.1244, -0.0844, -0.0566, -0.0590])
tensor([-4.4847, -4.3871, -4.4064, -4.3393, -4.3985, -4.4267, -4.4633, -4.3716,
        -4.4998])
tensor([0.0295, 0.0291, 0.0268])
tensor([-0.3645, -0.3690, -0.3671, -0.3654, -0.3551, -0.3634, -0.3692, -0.3685])
tensor([-1.5308, -1.5654, -1.5617, -1.5495, -1.5507, -1.5637])
tensor([-0.1347, -0.0944, -0.0705])
tensor([-0.2624, -0.2468, -0.2706, -0.2663, -0.2501, -0.2726, -0.2598])
tensor([-0.3623, -0.3658, -0.3649, -0.3681, -0.3623])
tensor([-0.4771, -0.4803, -0.4723])
tensor([ 0.0008, -0.0033, -0.0073, -0.0031])
tensor([0.0420, 0.0260, 0.0254])
tensor([-0.3285, -0.3302])
tensor([0.0507, 0.0505])
tensor([0.0503, 0.0380])
tensor([-0.1536, -0.1612, -0.1681])
tensor([2.0025e-05, 1.8689e-03, 1.8688e-03])
tensor([0.0209, 0.0176])
tensor([-5.5597, -5.4303, -5.6340, -5.4305, -5.5039, -5.5915, -5.6271, -5.5914,
        -5.5986, -5.5920, -5.6417, -5.6043, -5.6322, -5.6418])
tensor([0.0260, 0.0235])
tensor([-0.5700, -0.5346, -0.5375, -0.5179, -0.5422, -0.5426, -0.5384, -0.5391])
tensor([-0.1338, -0.1151, -0.1429, -0.1095, -0.1162, -0.1220, -0.1437, -0.1339])
tensor([-0.0131, -0.0131, -0.0069])
tensor([-1.5805, -1.5780, -1.5741, -1.5621, -1.5692, -1.5814])
tensor([-0.1191, -0.1303, -0.0791, -0.0848, -0.0964, -0.1331, -0.1154])
tensor([-0.0933, -0.0999, -0.0871])
tensor([-3.8118, -3.7251, -3.7348, -3.8483, -3.7358, -3.7621, -3.8515, -3.7928,
        -3.7273, -3.8485, -3.8321, -3.8504])
tensor([-4.6322, -4.5329, -4.6944, -4.5333, -4.5730, -4.6585, -4.6885, -4.6643,
        -4.6726, -4.7070, -4.6730, -4.6920, -4.7070])
tensor([-0.7830, -0.7839, -0.7886, -0.7869])
tensor([0.0309, 0.0326, 0.0301])
tensor([-0.1342, -0.0901, -0.1533, -0.1346])
tensor([-0.4808, -0.4868, -0.4811])
tensor([-1.4965, -1.4931, -1.5040, -1.4891, -1.4741, -1.5007])
tensor([0.0424, 0.0414, 0.0404])
tensor([-0.0252, -0.0268])
tensor([-0.0130, -0.0213, -0.0245])
tensor([-0.1941, -0.1415])
tensor([0.0355, 0.0357, 0.0356])
tensor([-1.0106, -1.0071, -1.0186, -1.0025, -1.0159])
tensor([0.0144, 0.0136, 0.0130])
tensor([-0.0329, -0.0251])
tensor([-0.0804, -0.0643])
tensor([-0.1193, -0.1255, -0.0898, -0.0967, -0.1268, -0.1193])
tensor([-0.0460, -0.0352, -0.0758, -0.0281, -0.0455, -0.0251])
tensor([0.0370, 0.0367])
tensor([-0.7092, -0.6760, -0.6545, -0.6803, -0.6831, -0.6455, -0.6746])
tensor([-0.1492, -0.1461, -0.1674, -0.1486])
tensor([0.0396, 0.0404])
tensor([0.0388, 0.0389])
tensor([-0.0367, -0.0329, -0.0401, -0.0295, -0.0353])
tensor([-0.5205, -0.5403, -0.5303])
tensor([-0.1180, -0.1154, -0.1086])
tensor([0.0008, 0.0019, 0.0002, 0.0024])
tensor([-1.1011, -1.0980, -1.1089, -1.0947])
tensor([-0.5435, -0.5336, -0.5209])
tensor([0.0183, 0.0188, 0.0197])
tensor([-3.0568, -3.0232, -3.0907, -2.9750, -3.0043, -3.0941, -3.0377, -2.9647,
        -3.0906, -3.0805, -3.0968])
tensor([-0.1009, -0.0771, -0.1069, -0.0764])
tensor([-0.0436, -0.0506, -0.0323])
tensor([0.0261, 0.0322])
tensor([-0.6782, -0.6781, -0.6778, -0.6800])
tensor([-7.6064, -7.6814, -7.4871, -7.5470, -7.6374, -7.6756, -7.7003, -7.6449,
        -7.6532, -7.7121, -7.6544, -7.6774, -7.7121])
tensor([-0.1266, -0.1329, -0.1067, -0.1337, -0.1282, -0.0806])
tensor([-5.0892, -5.1523, -5.1149, -5.1200, -5.1503, -5.1658, -5.1270, -5.1344,
        -5.1745, -5.1425, -5.1494, -5.1745])
tensor([-0.0202, -0.0121, -0.0177])
tensor([-0.1145, -0.0877, -0.1383, -0.0904, -0.1142])
tensor([-0.0720, -0.0737, -0.0672, -0.0568])
tensor([-2.9861, -2.9565, -3.0178, -2.9095, -3.0209, -2.9689, -2.8998, -3.0177,
        -3.0123, -3.0264])
tensor([-0.7495, -0.7096, -0.6853, -0.7121, -0.7206, -0.7070, -0.7117])
tensor([0.0157, 0.0176])
tensor([-0.1201, -0.1279, -0.0978, -0.1221, -0.0847])
tensor([0.0060, 0.0122, 0.0068, 0.0061])
tensor([-0.1099, -0.0880, -0.0916])
tensor([0.0205, 0.0202, 0.0204])
tensor([-0.0280, -0.0333, -0.0121, -0.0135])
tensor([0.0031, 0.0025, 0.0048])
tensor([-0.3574, -0.3565, -0.3569])
tensor([-0.1158, -0.1437, -0.1139, -0.1300])
tensor([-0.2624, -0.2553])
tensor([0.0123, 0.0140, 0.0111])
tensor([-0.1698, -0.1338, -0.1800, -0.1247])
tensor([-0.2019, -0.2279, -0.2273, -0.2686, -0.2609])
tensor([0.0288, 0.0305, 0.0307])
tensor([-0.0871, -0.0893, -0.0628, -0.0857, -0.0936])
tensor([-2.9747, -2.9509, -3.0026, -2.9158, -3.0138, -2.9609, -3.0024, -3.0028,
        -3.0141])
tensor([-0.0900, -0.0546, -0.0864])
tensor([-0.5005, -0.4867, -0.4836, -0.4937])
tensor([-0.0281, -0.0174, -0.0181])
tensor([-0.1654, -0.1456, -0.1714])
tensor([-0.0422, -0.0394, -0.0389])
tensor([-0.0085, -0.0069])
tensor([0.0312, 0.0272, 0.0343])
tensor([-5.9720, -5.9212, -5.9265, -5.9663, -5.9850, -6.0074, -5.9357, -5.9425,
        -6.0207, -5.9485, -5.9668, -6.0207, -6.0165])
tensor([-0.5550, -0.3563])
tensor([-4.2341, -4.1944, -4.2300, -4.2585, -4.2528, -4.2608, -4.2017, -4.2080,
        -4.2788, -4.2228, -4.2295, -4.2788, -4.2754])
tensor([-0.0114, -0.0121, -0.0079])
tensor([-1.1295, -1.1003, -1.1270, -1.1655, -1.1658, -1.1620, -1.1716])
tensor([-0.0296, -0.0272, -0.0283, -0.0197])
tensor([0.0284, 0.0280])
tensor([0.0363, 0.0344])
tensor([-0.2401, -0.2307, -0.2614, -0.2501])
tensor([-0.1389, -0.1470, -0.1182, -0.1444, -0.0840, -0.0764])
tensor([-0.6793, -0.6835, -0.6877, -0.6702, -0.6781, -0.6671])
tensor([-0.2011, -0.2078])
tensor([0.0465, 0.0222])
tensor([-0.3944, -0.3982, -0.4127])
tensor([-0.0100, -0.0060])
tensor([0.0322, 0.0292])
tensor([-0.2647, -0.2976, -0.2667, -0.2702, -0.2623, -0.2893])
tensor([-0.1854, -0.2138, -0.1877, -0.1921, -0.2074])
tensor([-0.1879, -0.1740])
tensor([-0.2972, -0.2964, -0.3371, -0.3292])
tensor([-0.2265, -0.3001, -0.2855])
tensor([-0.0941, -0.0968, -0.0856, -0.0774, -0.0704])
tensor([-4.8127, -4.7727, -4.8511, -4.8542, -4.9042, -4.9023, -4.7869, -4.8508,
        -4.8464, -4.8652, -4.8832])
tensor([0.0262, 0.0245])
tensor([-0.1402, -0.2150, -0.2059])
tensor([-0.0881, -0.0937, -0.0581, -0.0526, -0.0500])
tensor([-0.1855, -0.2412, -0.1570, -0.2203])
tensor([-0.5165, -0.5212, -0.4970, -0.4705, -0.4376])
tensor([-0.0603, -0.0984, -0.0971, -0.0967, -0.0926])
tensor([0.0355, 0.0350])
tensor([-0.0743, -0.0690, -0.0737])
tensor([-0.0401, -0.0376, -0.0330, -0.0290, -0.0235])
tensor([-0.1921, -0.2483, -0.2280])
tensor([-6.5561, -6.5003, -6.4648, -6.5017, -6.5252, -6.5310, -6.4664, -6.4793,
        -6.5663, -6.4945, -6.5010, -6.5663, -6.5514, -6.5663])
tensor([-0.2199, -0.2089])
tensor([0.0125, 0.0148, 0.0110])
tensor([-0.2197, -0.1331, -0.1312])
tensor([0.0010, 0.0016, 0.0031, 0.0023])
tensor([0.0406, 0.0515])
tensor([-0.3021, -0.3146, -0.3364, -0.3005, -0.3046, -0.2991])
tensor([-5.3371, -5.3517, -5.2864, -5.2436, -5.2825, -5.3082, -5.2434, -5.2590,
        -5.3511, -5.2794, -5.2799, -5.3511, -5.3351, -5.3511])
tensor([0.0349, 0.0308])
tensor([-7.0786, -7.0376, -7.1214, -7.1252, -7.1752, -7.1727, -7.0555, -7.1156,
        -7.1398, -7.1540])
tensor([0.0319, 0.0356, 0.0246])
tensor([-0.0632, -0.0806, -0.0784, -0.0781, -0.0745])
tensor([-0.3435, -0.3100, -0.3153, -0.2979, -0.3359, -0.2947, -0.2976])
tensor([-3.9204, -3.9347, -3.8743, -3.8408, -3.8721, -3.8915, -3.8518, -3.9352,
        -3.8754, -3.8680, -3.9352, -3.9200, -3.9352])
tensor([-0.0372, -0.0399, -0.0329, -0.0300])
tensor([0.0300, 0.0291, 0.0315])
tensor([-0.0532, -0.0706, -0.0670, -0.0682])
tensor([0.0524, 0.0398])
tensor([-0.0624, -0.0557, -0.0634])
tensor([0.0406, 0.0387, 0.0387])
tensor([-0.1443, -0.1473, -0.2081, -0.1957])
tensor([-0.0726, -0.0676, -0.0625])
tensor([-0.3767, -0.3754])
tensor([-0.0617, -0.0572])
tensor([-0.5667, -0.5725, -0.5510, -0.5236, -0.4686])
tensor([0.0209, 0.0183])
tensor([-0.2629, -0.2731, -0.3058, -0.2718, -0.2755, -0.2698, -0.2556])
tensor([-6.7889, -6.8332, -6.8374, -6.8897, -6.8865, -6.9106, -6.7647, -6.9088,
        -6.8311, -6.8568, -6.8676, -6.9128])
tensor([-2.8774, -2.8919, -2.8272, -2.8182, -2.8401, -2.9007, -2.8018, -2.9046,
        -2.8190, -2.8164, -2.9046, -2.8793, -2.9046])
tensor([-0.0037, -0.0041])
tensor([-5.0910, -5.1337, -5.1880, -5.1885, -5.2124, -5.0681, -5.2264, -5.2147,
        -5.1390, -5.1614, -5.1677, -5.2190])
tensor([-0.0440, -0.0473, -0.0398])
tensor([-0.0541, -0.0418, -0.0657, -0.0656, -0.0429])
tensor([-0.8983, -0.9123, -0.9101, -0.9167, -0.9015, -0.9157, -0.9227])
tensor([-1.9194, -1.9306, -1.8819, -1.8749, -1.8817, -1.9380, -1.9446, -1.8823,
        -1.8707, -1.9446, -1.9245, -1.9446])
tensor([-0.1101, -0.0973, -0.1753, -0.1596])
tensor([0.0351, 0.0336])
tensor([0.0363, 0.0271])
tensor([-0.0290, -0.0289, -0.0300, -0.0256, -0.0207])
tensor([0.0301, 0.0301])
tensor([0.0061, 0.0089, 0.0061, 0.0064])
tensor([-0.1967, -0.2059, -0.2407, -0.2049, -0.2076, -0.2030])
tensor([-0.6900, -0.6772])
tensor([-0.7151, -0.7125, -0.7199, -0.7020, -0.7193, -0.7237, -0.7312, -0.7298])
tensor([0.0090, 0.0086, 0.0083])
tensor([-1.2761, -1.2481, -1.2444, -1.2345, -1.2794, -1.2837, -1.2762, -1.2360,
        -1.2837, -1.2807, -1.2837])
tensor([-0.0329, -0.0371])
tensor([-0.0814, -0.0778, -0.0786])
tensor([-5.2270, -5.2621, -5.3033, -5.3040, -5.3237, -5.3335, -5.3271, -5.2725,
        -5.2901, -5.2860, -5.3435])
tensor([-0.4725, -0.4779, -0.4618, -0.4397])
tensor([0.0272, 0.0313, 0.0282])
tensor([-0.6999, -0.7157])
tensor([0.0281, 0.0339, 0.0257])
tensor([0.0382, 0.0416])
tensor([0.0413, 0.0383])
tensor([0.0400, 0.0386])
tensor([-4.0654, -4.1076, -4.1081, -4.1174, -4.1288, -4.1223, -4.0828, -4.0974,
        -4.0890, -4.1387])
tensor([0.0368, 0.0340])
tensor([0.0394, 0.0394])
tensor([-0.7036, -0.6988, -0.6974, -0.6703, -0.7040, -0.7417, -0.6845, -0.7032,
        -0.7170, -0.7032])
tensor([-0.5076, -0.5080, -0.5056, -0.5051, -0.5030, -0.5052, -0.5040])
tensor([-0.1695, -0.2187, -0.2040, -0.1355])
tensor([0.0325, 0.0263])
tensor([-0.4144, -0.4148])
tensor([-0.1028, -0.1013])
tensor([0.0148, 0.0143, 0.0137])
tensor([-3.9743, -3.9748, -3.9829, -3.9947, -3.9879, -3.9468, -3.9649, -3.9564,
        -4.0060])
tensor([0.0288, 0.0303])
tensor([-0.3480, -0.3534, -0.3342, -0.3338, -0.3157, -0.3084])
tensor([0.0258, 0.0294])
tensor([-0.9573, -0.9458, -0.9393, -0.9531, -0.9460, -0.9446, -0.9443])
tensor([-0.3218, -0.3221, -0.3247])
tensor([-0.2844, -0.4209, -0.4269, -0.2551, -0.4070])
tensor([0.0208, 0.0170, 0.0172, 0.0149])
tensor([-0.6324, -0.6364, -0.6323, -0.6362, -0.6361, -0.6343])
tensor([-0.1522, -0.2113, -0.1222, -0.1955])
tensor([0.0327, 0.0345, 0.0317])
tensor([-0.2791, -0.2752])
tensor([-0.2994, -0.2994, -0.2993])
tensor([-0.3807, -0.3719, -0.3666, -0.3499, -0.3400])
tensor([0.0310, 0.0265])
tensor([-0.1948, -0.4028, -0.4090, -0.1988, -0.3772])
tensor([0.0405, 0.0399])
tensor([-2.5497, -2.5503, -2.5538, -2.5689, -2.5591, -2.5871, -2.5678, -2.5499,
        -2.5643, -2.5869])
tensor([-0.0412, -0.0328, -0.0426])
tensor([-0.3747, -0.3804, -0.3751, -0.3749, -0.3797, -0.3746, -0.3819, -0.3769])
tensor([0.0395, 0.0415])
tensor([-0.4122, -0.4705, -0.4774, -0.4056, -0.5426, -0.4687, -0.3843, -0.4512,
        -0.3843])
tensor([-0.5654, -0.5681, -0.5724])
tensor([0.0230, 0.0238, 0.0240, 0.0237])
tensor([0.0315, 0.0302])
tensor([0.0377, 0.0374])
tensor([-1.9640, -1.9842, -1.9821, -1.9726, -1.9993, -1.9800, -1.9692, -1.9777,
        -2.0031])
tensor([0.0403, 0.0393])
tensor([0.0288, 0.0293, 0.0300])
tensor([-0.1761, -0.1358, -0.2273, -0.1465])
tensor([-0.3749, -0.3744, -0.3751])
tensor([-1.0690, -1.0479, -1.1073, -1.0741, -1.0878])
tensor([-0.3971, -0.4580, -0.4650, -0.3893, -0.3633, -0.4575, -0.3599, -0.4414,
        -0.3599])
tensor([-0.4175, -0.4237, -0.2827, -0.2872, -0.4037, -0.2877])
tensor([0.0389, 0.0414])
tensor([-0.1674, -0.1288, -0.1409])
tensor([-0.3930, -0.3963, -0.3968, -0.3948, -0.3949, -0.3781, -0.3962, -0.3973,
        -0.3932, -0.3939])
tensor([-0.0112, -0.0102, -0.0071, -0.0087, -0.0103])
tensor([-1.6320, -1.6517, -1.6490, -1.6371, -1.6657, -1.6724, -1.6377, -1.6504,
        -1.6770, -1.6772])
tensor([0.0210, 0.0228])
tensor([0.0180, 0.0150, 0.0169, 0.0179])
tensor([0.0258, 0.0375])
tensor([-0.1578, -0.1270])
tensor([0.0308, 0.0288])
tensor([-1.1917, -1.2036, -1.2001, -1.1878, -1.2094, -1.2188, -1.2144, -1.2170,
        -1.2177])
tensor([0.0285, 0.0289, 0.0302])
tensor([0.0220, 0.0211])
tensor([-0.2646, -0.3100, -0.3175, -0.2583, -0.2326, -0.3080, -0.3005, -0.2234])
tensor([-0.3109, -0.3155])
tensor([0.0411, 0.0398])
tensor([-0.7224, -0.7167, -0.7186, -0.7173, -0.7166])
tensor([0.0391, 0.0431])
tensor([-1.2239, -1.2356, -1.2322, -1.2403, -1.2521, -1.2486, -1.2514, -1.2495])
tensor([-0.2735, -0.4275, -0.4320, -0.2944, -0.4166, -0.2980])
tensor([-0.5489, -0.5460, -0.5483, -0.5487, -0.5489, -0.5480, -0.5487, -0.5451,
        -0.5477])
tensor([-0.1094, -0.1504])
tensor([0.0402, 0.0422])
tensor([-1.3996, -1.3848, -1.3974, -1.3957, -1.3974])
tensor([-1.0055, -1.0028, -1.0010, -1.0027])
tensor([-0.2803, -0.4223, -0.2981, -0.4254, -0.3040])
tensor([0.0302, 0.0302])
tensor([-0.1883, -0.3939, -0.2209, -0.2237])
tensor([-0.7247, -0.7227, -0.7225])
tensor([-0.3314, -0.3773, -0.3835, -0.3251, -0.2991, -0.3725, -0.3708])
tensor([-0.3907, -0.4091, -0.3868, -0.3868])
tensor([-0.3193, -0.1862, -0.1466, -0.1905])
tensor([-1.2682, -1.2517, -1.2401, -1.2607, -1.2615, -1.2674, -1.2406, -1.2396,
        -1.2612])
tensor([-0.0453, -0.0390, -0.0360, -0.0274])
tensor([-0.8120, -0.8161, -0.8123, -0.8169, -0.8142, -0.8586, -0.8394, -0.8151])
tensor([-1.7846, -1.8266, -1.8432, -1.7938, -1.8370])
tensor([-0.1557, -0.1528, -0.1523])
tensor([-0.2590, -0.3108, -0.3553, -0.3623, -0.2778, -0.3478, -0.3505])
tensor([-0.6286, -0.6342, -0.6275, -0.6299])
tensor([-0.0238, -0.0242, -0.0244])
tensor([-0.8236, -0.8253, -0.8249, -0.8260, -0.8702, -0.8523, -0.8284, -0.8284])
tensor([-0.4204, -0.4136, -0.4116])
tensor([0.0275, 0.0231])
tensor([0.0199, 0.0195, 0.0169])
tensor([-0.2528, -0.2520, -0.2733, -0.2420, -0.2420])
tensor([-1.9229, -1.8990, -1.8821, -1.9122, -1.9108, -1.9210, -1.8783, -1.9134,
        -1.9471])
tensor([0.0278, 0.0286])
tensor([-0.4271, -0.2607, -0.1972, -0.2120])
tensor([-2.1523, -2.2011, -2.1586, -2.1961])
tensor([0.0341, 0.0345, 0.0341])
tensor([-1.4475, -1.4478, -1.4546, -1.4747, -1.4788, -1.4719, -1.4746, -1.4746])
tensor([-0.2101, -0.3054, -0.3838, -0.3919, -0.3828, -0.3608])
tensor([-1.4172, -1.3759, -1.4125])
tensor([-0.3167, -0.3700, -0.3755, -0.3679, -0.3574])
tensor([-0.3023, -0.3006])
tensor([0.0324, 0.0318])
tensor([-0.8867, -0.8870, -0.8909, -0.9434, -0.9194, -0.8888, -0.8888])
tensor([0.0402, 0.0396])
tensor([-0.1522, -0.1527, -0.1483, -0.1691, -0.1600, -0.1541])
tensor([-0.3754, -0.3804, -0.3747, -0.3618])
tensor([0.0360, 0.0360, 0.0356])
tensor([-0.4195, -0.2027, -0.2080, -0.1903])
tensor([-0.8290, -0.8325, -0.8263])
tensor([-0.5169, -0.5142, -0.5158, -0.5249, -0.4998, -0.5160, -0.5160])
tensor([-0.3838, -0.2146, -0.2197])
tensor([-0.1302, -0.1306, -0.1259, -0.1517, -0.1269, -0.1322])
tensor([-0.2441, -0.2450, -0.1821, -0.2361])
tensor([-0.5459, -0.5476])
tensor([-3.2813, -3.2522, -3.2320, -3.2446, -3.2658, -3.2755, -3.3021, -3.2727,
        -3.3061])
tensor([0.0292, 0.0267])
tensor([-0.4173, -0.3912, -0.3512, -0.3591, -0.5234, -0.4781, -0.3504, -0.3548])
tensor([-0.7735, -0.7774, -0.7763, -0.7674, -0.7694, -0.7531, -0.7770, -0.7770])
tensor([-0.3335, -0.1753, -0.1521, -0.1471])
tensor([-0.1287, -0.1303, -0.1675, -0.1204, -0.1345])
tensor([-0.4964, -0.4933])
tensor([-0.3361, -0.3441, -0.3361])
tensor([0.0289, 0.0284, 0.0300])
tensor([0.0303, 0.0334, 0.0304])
tensor([-0.4094, -0.4115, -0.4105, -0.4082, -0.4126, -0.4115, -0.4107, -0.4107])
tensor([-0.0826, -0.1118, -0.0881, -0.0843])
tensor([-2.1456, -2.1159, -2.1362, -2.1270, -2.1357, -2.1704, -2.1797, -2.1800,
        -2.1357, -2.1809])
tensor([-0.1142, -0.1151, -0.1360, -0.1106, -0.0995])
tensor([0.0264, 0.0291])
tensor([-0.9503, -0.9613])
tensor([0.0380, 0.0381])
tensor([0.0297, 0.0297])
tensor([-1.3377, -1.3278, -1.3182, -1.3292, -1.3718, -1.3643, -1.3744, -1.3752,
        -1.3274, -1.3800])
tensor([0.0134, 0.0136])
tensor([-0.2328, -0.2248])
tensor([0.0259, 0.0221])
tensor([-1.3908, -1.3876, -1.4263, -1.4169, -1.4333, -1.4281, -1.4291])
tensor([-0.1426, -0.1445, -0.1800, -0.1380])
tensor([-0.2435, -0.2422, -0.2612])
tensor([-0.7978, -0.7853, -0.7894, -0.7906, -0.8489, -0.7945])
tensor([-0.4103, -0.4092, -0.4088, -0.4054, -0.4097, -0.4152, -0.4093, -0.4093,
        -0.4093])
tensor([-0.1854, -0.2042])
tensor([-0.2362, -0.2368, -0.2525])
tensor([0.0360, 0.0312])
tensor([-0.0339, -0.0792, -0.0336, -0.0561, -0.0557])
tensor([0.0359, 0.0343])
tensor([-0.3250, -0.4024, -0.3240, -0.3318, -0.3389, -0.4634, -0.3403])
tensor([-0.4406, -0.4415, -0.4406, -0.4403, -0.4460, -0.4410, -0.4410, -0.4410])
tensor([-0.8252, -0.8216, -0.8481, -0.8292, -0.8285, -0.8368, -0.8420, -0.8420,
        -0.8191, -0.8501])
tensor([0.0262, 0.0282, 0.0282])
tensor([-0.9579, -0.9590, -0.9596])
tensor([-0.2296, -0.3018, -0.2438, -0.2509, -0.3668, -0.2529])
tensor([0.0349, 0.0296, 0.0271])
tensor([-0.0876, -0.2162, -0.0918, -0.0985])
tensor([0.0406, 0.0401])
tensor([-0.3576, -0.3604, -0.3578, -0.3584, -0.3684, -0.3578, -0.3578, -0.3578])
tensor([-0.3049, -0.3164])
tensor([-0.3049, -0.1980, -0.2169, -0.3621, -0.2089])
tensor([-0.3848, -0.3792, -0.3929, -0.3895])
tensor([-0.1525, -0.1581])
tensor([-0.5247, -0.5288, -0.5267, -0.5266, -0.5066, -0.5268, -0.5266, -0.5261,
        -0.5252])
tensor([0.0377, 0.0384, 0.0387])
tensor([0.0396, 0.0357])
tensor([0.0327, 0.0335, 0.0321])
tensor([-0.1993, -0.1800])
tensor([0.0408, 0.0379])
tensor([-0.0394, -0.0478, -0.0525, -0.0508, -0.0524])
tensor([-0.1212, -0.1070, -0.1099])
tensor([0.0323, 0.0318])
tensor([-0.3660, -0.3800, -0.3102, -0.3546, -0.3305, -0.3190, -0.3171, -0.2975])
tensor([-0.2400, -0.2853, -0.2390])
tensor([-0.0296, -0.0160, -0.0322])
tensor([-0.0858, -0.0662, -0.0599, -0.0548, -0.0548])
tensor([-0.1081, -0.1267, -0.1089])
tensor([-0.3674, -0.3816, -0.3131, -0.3559, -0.3329, -0.3219, -0.3201])
tensor([0.0238, 0.0235, 0.0243])
tensor([-0.8690, -0.8797, -0.8721, -0.8659, -0.8813, -0.8813, -0.8813])
tensor([0.0229, 0.0228])
tensor([-0.0689, -0.0727, -0.0730, -0.0746])
tensor([0.0213, 0.0212])
tensor([-0.1284, -0.1142])
tensor([-0.0746, -0.0552, -0.0433, -0.0500, -0.0418])
tensor([0.0247, 0.0247])
tensor([-0.3347, -0.3496, -0.3486, -0.3351, -0.3304])
tensor([0.0419, 0.0409])
tensor([0.0156, 0.0175])
tensor([-0.3306, -0.2586, -0.3761, -0.2710])
tensor([-0.2746, -0.3186, -0.2677])
tensor([-0.1680, -0.1552, -0.1676, -0.1610, -0.1540])
tensor([0.0008, 0.0006])
tensor([-0.3413, -0.3938, -0.2753])
tensor([-0.7233, -0.7287, -0.7221, -0.7206, -0.7185, -0.7181])
tensor([0.0203, 0.0217])
tensor([-0.3042, -0.2049])
tensor([0.0187, 0.0180, 0.0184, 0.0207])
tensor([-1.3076, -1.3158, -1.3362, -1.3156, -1.3093, -1.3379, -1.3379, -1.3379])
tensor([-0.8642, -0.8646, -0.8511, -0.8484, -0.8678, -0.8678, -0.8678])
tensor([0.0386, 0.0388])
tensor([-0.0821, -0.0694, -0.0517, -0.0597, -0.0481, -0.0564])
tensor([-0.1249, -0.1562, -0.0925, -0.1426])
tensor([0.0293, 0.0291, 0.0295])
tensor([0.0389, 0.0341])
tensor([-0.2874, -0.2635])
tensor([-0.4024, -0.4189, -0.4184, -0.4023, -0.3912])
tensor([-0.8049, -0.8031, -0.7923, -0.8072, -0.8078, -0.8072, -0.8072])
tensor([0.0215, 0.0207, 0.0202])
tensor([0.0405, 0.0434])
tensor([0.0059, 0.0039])
tensor([-0.1463, -0.1444])
tensor([-0.1460, -0.1240, -0.1457, -0.1326, -0.1121])
tensor([0.0282, 0.0294])
tensor([0.0195, 0.0189])
tensor([-0.0797, -0.0629, -0.0979])
tensor([0.0392, 0.0399])
tensor([-0.2026, -0.1618, -0.2325])
tensor([-0.2770, -0.1586, -0.1466])
tensor([0.0187, 0.0178])
tensor([-2.2773, -2.2743, -2.3072, -2.2859, -2.3547, -2.3108, -2.3126, -2.3527,
        -2.3527])
tensor([0.0321, 0.0303])
tensor([-0.1365, -0.1527, -0.1434, -0.1275])
tensor([-0.3079, -0.2704])
tensor([-0.8968, -0.8920, -0.9046, -0.9047, -0.9008, -0.9047, -0.9047])
tensor([0.0349, 0.0338])
tensor([-0.2923, -0.1656, -0.3479])
tensor([-0.0955, -0.0951, -0.0782, -0.0977, -0.0798])
tensor([-0.6010, -0.5977, -0.5967, -0.5997, -0.5967, -0.5967])
tensor([-0.1455, -0.0803, -0.1281, -0.1028, -0.1153, -0.1103, -0.0747])
tensor([-0.1056, -0.1217])
tensor([0.0364, 0.0359])
tensor([-0.1388, -0.1530, -0.1450])
tensor([-0.9039, -0.9056, -0.9187, -0.9071])
tensor([-0.0306, -0.0287, -0.0303, -0.0275])
tensor([-3.2973, -3.2913, -3.3421, -3.3016, -3.3962, -3.4029, -3.3990, -3.3425,
        -3.3441, -3.4012, -3.4012])
tensor([0.0128, 0.0121, 0.0071, 0.0120, 0.0133])
tensor([-0.5863, -0.5966, -0.5720])
tensor([-0.2322, -0.1656, -0.1671])
tensor([-1.3497, -1.3791, -1.3716, -1.3760, -1.3605, -1.3741, -1.3760, -1.3765])
tensor([0.0243, 0.0210, 0.0222])
tensor([-0.0903, -0.0583])
tensor([0.0314, 0.0312])
tensor([-0.3015, -0.2895, -0.2887, -0.2973, -0.2843])
tensor([-0.2274, -0.1808])
tensor([0.0279, 0.0292])
tensor([0.0313, 0.0321, 0.0294])
tensor([-0.1459, -0.1407])
tensor([0.0161, 0.0142])
tensor([-0.0400, -0.0437, -0.0537, -0.0278])
tensor([-0.4148, -0.4895, -0.5012])
tensor([-0.1610, -0.0930, -0.1392, -0.1176, -0.1294, -0.1325, -0.0785])
tensor([-0.3173, -0.1488, -0.1619, -0.1434])
tensor([0.0311, 0.0306])
tensor([-0.1277, -0.1261, -0.1296])
tensor([-0.0940, -0.0520])
tensor([-5.3944, -5.3856, -5.4605, -5.4104, -5.5164, -5.5306, -5.5245, -5.5171,
        -5.4490, -5.4504, -5.5308, -5.5377, -5.5377])
tensor([-0.3019, -0.1786, -0.1879])
tensor([0.0343, 0.0282])
tensor([0.0346, 0.0311])
tensor([-4.0866, -4.0834, -4.1311, -4.0979, -4.1809, -4.1916, -4.1869, -4.1809,
        -4.1291, -4.1924, -4.2003, -4.2003])
tensor([-1.1940, -1.2061, -1.2119, -1.2073, -1.2166, -1.1999, -1.2047, -1.2166,
        -1.2169])
tensor([-0.5498, -0.5546, -0.5511, -0.5548, -0.5522])
tensor([-0.2019, -0.1554])
tensor([0.0301, 0.0288])
tensor([-0.2026, -0.1311, -0.1796, -0.1579, -0.1686, -0.1745])
tensor([-0.1012, -0.1040, -0.1151])
tensor([-0.8952, -0.9036, -0.9096, -0.9061, -0.9147, -0.9005, -0.9147, -0.9131])
tensor([-0.0113, -0.0160, -0.0129, -0.0118])
tensor([-0.0938, -0.1096])
tensor([-3.6091, -3.6042, -3.6483, -3.6232, -3.7078, -3.7185, -3.7140, -3.7057,
        -3.6545, -3.7218, -3.7272])
tensor([-0.0983, -0.0973, -0.0732])
tensor([-0.0711, -0.0814, -0.0853, -0.1050, -0.0640, -0.0609])
tensor([-0.2886, -0.2590, -0.2639, -0.2677, -0.2807])
tensor([-0.2181, -0.2567, -0.2605, -0.3247])
tensor([-0.0047, -0.0082, -0.0048, -0.0030])
tensor([-0.1336, -0.0872])
tensor([-0.1848, -0.1263])
tensor([-0.0362, -0.0346])
tensor([-0.1479, -0.1381])
tensor([-2.1534, -2.2443, -2.1658, -2.2553, -2.2657, -2.2610, -2.2519, -2.1968,
        -2.2861, -2.2704, -2.2823, -2.2819])
tensor([-0.0006,  0.0049,  0.0049])
tensor([-0.3785, -0.2426, -0.2284, -0.2274, -0.2165])
tensor([0.0218, 0.0264])
tensor([-0.1276, -0.1448, -0.1538, -0.1723, -0.1173])
tensor([-0.0582, -0.0608, -0.0563])
tensor([-0.5721, -0.5720, -0.5727, -0.5815, -0.5733, -0.5712])
tensor([-0.3559, -0.1797, -0.1786, -0.1646])
tensor([-0.7603, -0.7672, -0.7779, -0.7885, -0.7870, -0.7738, -0.7667, -0.7866,
        -0.7805])
tensor([0.0377, 0.0356])
tensor([0.0265, 0.0260, 0.0266])
tensor([0.0077, 0.0040, 0.0061])
tensor([-0.0995, -0.0981, -0.1229, -0.0993])
tensor([-0.2311, -0.1972, -0.2004, -0.1570, -0.2160, -0.1607, -0.1705])
tensor([-0.1132, -0.1159, -0.1305, -0.0967, -0.0894])
tensor([-3.0389, -2.9666, -3.0496, -3.0602, -3.0555, -3.0422, -2.9957, -3.0770,
        -3.0693, -3.0776, -3.0831])
tensor([-0.3506, -0.4007, -0.4049, -0.4056, -0.4794])
tensor([-0.0157, -0.0152])
tensor([0.0363, 0.0359])
tensor([-0.3462, -0.1735, -0.1725, -0.1492])
tensor([0.0388, 0.0394])
tensor([-0.1378, -0.1653, -0.1380])
tensor([-0.0638, -0.0535, -0.0510])
tensor([0.0390, 0.0370])
tensor([-0.7541, -0.7385, -0.7373, -0.7434, -0.7478, -0.7418, -0.7529])
tensor([0.0372, 0.0350])
tensor([-0.1243, -0.1192, -0.1168])
tensor([-0.4638, -0.4647, -0.4637, -0.4599, -0.4676, -0.4692, -0.4630, -0.4618,
        -0.4642])
tensor([-0.1055, -0.1071])
tensor([-0.0762, -0.0679])
tensor([-0.6681, -0.7200, -0.7257, -0.7540, -0.7221, -0.7207])
tensor([-0.1260, -0.1301, -0.1533, -0.1065])
tensor([-0.8396, -0.8410, -0.8276, -0.8263, -0.8386, -0.8259, -0.8412])
tensor([-0.3830, -0.2293, -0.2287, -0.2048])
tensor([-0.0847, -0.0795])
tensor([0.0098, 0.0101, 0.0080])
tensor([-0.3842, -0.2035, -0.2024])
tensor([0.0399, 0.0387])
tensor([0.0254, 0.0266])
tensor([-0.1482, -0.1434])
tensor([-0.2399, -0.1986, -0.2027, -0.2214, -0.1325, -0.1522, -0.1124])
tensor([0.0348, 0.0373])
tensor([-5.2181, -5.2607, -5.1338, -5.2307, -5.2376, -5.2199, -5.1705, -5.2873,
        -5.2632, -5.2844, -5.2568, -5.2638, -5.2787, -5.2876, -5.2831])
tensor([-0.1421, -0.1369, -0.1597, -0.1357])
tensor([-0.3990, -0.2214, -0.1731])
tensor([-0.7106, -0.7649, -0.7712, -0.7695, -0.7670])
tensor([-0.1444, -0.1483, -0.1713, -0.0936])
tensor([-0.0497, -0.0485])
tensor([-0.5382, -0.5370, -0.5378, -0.5370, -0.5380, -0.5381, -0.5355, -0.5409,
        -0.5377])
tensor([-0.1194, -0.1129])
tensor([-0.3307, -0.1466, -0.1452])
tensor([-0.1077, -0.1182, -0.1177, -0.1164])
tensor([-0.3167, -0.2823, -0.2817, -0.3059, -0.2501, -0.2623])
tensor([0.0297, 0.0294])
tensor([-0.1381, -0.1376, -0.1362, -0.1574])
tensor([-1.1386, -1.1417, -1.1491, -1.1492, -1.1248, -1.1238, -1.1407, -1.1511])
tensor([-0.0856, -0.0858, -0.0821, -0.1087])
tensor([-0.3630, -0.1892])
tensor([0.0377, 0.0361, 0.0308, 0.0308])
tensor([-0.0656, -0.0630])
tensor([0.0113, 0.0079, 0.0132])
tensor([-0.1034, -0.1040, -0.1214])
tensor([0.0277, 0.0277])
tensor([0.0404, 0.0454])
tensor([-6.7687, -6.8101, -6.7819, -6.7892, -6.7677, -6.7158, -6.8345, -6.8164,
        -6.8543, -6.8376, -6.8123, -6.8158, -6.8280, -6.8553, -6.8367])
tensor([-0.2907, -0.2466, -0.2484, -0.2703, -0.1432, -0.1998])
tensor([-0.3686, -0.3759, -0.3534, -0.3941, -0.3265, -0.3672, -0.3487, -0.3388])
tensor([0.0329, 0.0263, 0.0290])
tensor([-0.1431, -0.1324])
tensor([-0.7519, -0.7572, -0.7409, -0.7498, -0.7551, -0.7486])
tensor([-0.1521, -0.1542, -0.1002, -0.0985])
tensor([-0.1364, -0.1389, -0.1372, -0.1175])
tensor([-0.2295, -0.2350, -0.2190, -0.2500, -0.2280, -0.2173, -0.2084])
tensor([-0.3045, -0.2591, -0.2836, -0.1547, -0.2143])
tensor([-1.5253, -1.5318, -1.5355, -1.5133, -1.5121, -1.5308, -1.5451])
tensor([-0.1034, -0.1199])
tensor([-0.0766, -0.0688])
tensor([0.0027, 0.0026, 0.0026])
tensor([-0.0412, -0.0485])
tensor([-0.8498, -0.8647, -0.8559, -0.8538, -0.8399, -0.8615, -0.8627, -0.8631])
tensor([-0.2576, -0.2542, -0.1661, -0.2089])
tensor([-0.0531, -0.0501])
tensor([-1.3074, -1.3137, -1.3267, -1.3270, -1.3342, -1.3342])
tensor([-0.3782, -0.1513, -0.1589, -0.1432])
tensor([-5.3723, -5.4043, -5.3853, -5.3918, -5.3678, -5.4312, -5.4145, -5.4482,
        -5.4475, -5.4328, -5.4178, -5.4155, -5.4212, -5.4601, -5.4329])
tensor([0.0388, 0.0399])
tensor([0.0138, 0.0125])
tensor([-0.6276, -0.6199, -0.6274, -0.6342, -0.6315, -0.6315])
tensor([0.0375, 0.0367, 0.0377])
tensor([-0.3827, -0.3753, -0.3431, -0.3697, -0.4078, -0.3806, -0.3697])
tensor([0.0322, 0.0341])
tensor([-0.0796, -0.0841, -0.1109, -0.1029, -0.1005])
tensor([-0.3772, -0.1827, -0.1876])
tensor([0.0162, 0.0183, 0.0181])
tensor([-5.5145, -5.5530, -5.5276, -5.5348, -5.5819, -5.5619, -5.6025, -5.5996,
        -5.5843, -5.5621, -5.5625, -5.5706, -5.6217, -5.5842])
tensor([-0.1243, -0.1989, -0.1451, -0.1457, -0.1116, -0.1045])
tensor([-0.0564, -0.0619, -0.0988])
tensor([-0.1617, -0.1298, -0.1253])
tensor([-0.8383, -0.8190, -0.8332, -0.8440, -0.8286])
tensor([-0.1189, -0.1458, -0.1383, -0.1358])
tensor([-0.0156, -0.0143])
tensor([-0.0020, -0.0028])
tensor([-0.3799, -0.3625, -0.2963])
tensor([-0.0721, -0.0832])
tensor([-0.1678, -0.1361])
tensor([-1.8875, -1.9147, -1.8959, -1.9214, -1.9163, -1.8973, -1.8894, -1.9251,
        -1.9130, -1.9252])
tensor([-0.1151, -0.1643, -0.1315, -0.1332, -0.1061, -0.1002])
tensor([-0.3869, -0.3758, -0.3473, -0.3708, -0.3425, -0.4112, -0.3843])
tensor([-0.9057, -0.8825, -0.9089, -0.8938])
tensor([-0.5511, -0.5828, -0.5417])
tensor([0.0233, 0.0203, 0.0224])
tensor([-0.0233, -0.0233])
tensor([-4.7073, -4.7297, -4.7260, -4.7646, -4.7483, -4.7840, -4.7754, -4.8108,
        -4.7663, -4.7603, -4.7487, -4.7480, -4.8102, -4.7670])
tensor([0.0289, 0.0280])
tensor([0.0358, 0.0365])
tensor([-0.0995, -0.1210, -0.1196])
tensor([-0.3078, -0.3169, -0.2977])
tensor([-0.4872, -0.2687, -0.2916])
tensor([-0.0572, -0.0472, -0.0343])
tensor([-0.9107, -0.9172, -0.9266, -0.9241, -0.9144, -0.9313, -0.9328, -0.9213,
        -0.9312])
tensor([-0.1436, -0.1374, -0.1627, -0.1369])
tensor([-0.4159, -0.1456, -0.1930])
tensor([-0.1257, -0.1241])
tensor([-0.1171, -0.1101, -0.1131])
tensor([-0.4493, -0.4344, -0.4365, -0.4062, -0.4711, -0.4463])
tensor([0.0420, 0.0469, 0.0410])
tensor([-0.1334, -0.1785, -0.1342])
tensor([-4.6651, -4.6968, -4.6868, -4.7345, -4.7147, -4.7567, -4.7866, -4.7355,
        -4.7256, -4.7158, -4.7160, -4.7966, -4.7365, -4.7681, -4.7700])
tensor([-0.3143, -0.1436, -0.3034, -0.1364, -0.1491])
tensor([-0.4743, -0.4755])
tensor([0.0126, 0.0137, 0.0154])
tensor([-0.1025, -0.1005])
tensor([-0.1147, -0.1621, -0.0845, -0.1318, -0.1044, -0.1030])
tensor([-0.0377, -0.0407, -0.0272])
tensor([-0.1804, -0.1432])
tensor([-0.2915, -0.1787, -0.2935, -0.1839])
tensor([-0.4789, -0.4617, -0.4304, -0.4936, -0.4698])
tensor([-0.1064, -0.1242, -0.0804, -0.0706])
tensor([-0.0440, -0.0447])
tensor([-0.0658, -0.0594])
tensor([0.0316, 0.0302, 0.0311])
tensor([-0.0469, -0.0498])
tensor([-0.4549, -0.2333, -0.1802])
tensor([-0.4212, -0.2471])
tensor([-2.1791, -2.1925, -2.2105, -2.2064, -2.1884, -2.1875, -2.2292, -2.2244,
        -2.1995, -2.2162, -2.2297])
tensor([-0.1693, -0.1810, -0.1607, -0.1582])
tensor([-0.0276, -0.0298, -0.0252])
tensor([-0.4991, -0.4630, -0.5327, -0.5075])
tensor([-0.1698, -0.1389, -0.1417, -0.1425])
tensor([-6.3081, -6.2664, -6.3101, -6.2731, -6.3293, -6.3520, -6.3103, -6.3055,
        -6.2925, -6.2894, -6.3685, -6.3721, -6.3120, -6.3297, -6.3322])
tensor([-0.0633, -0.0640, -0.0507, -0.0555])
tensor([-0.1470, -0.0958])
tensor([-0.1402, -0.2608, -0.1443, -0.1212])
tensor([-0.9402, -0.9038])
tensor([-0.0348, -0.0273])
tensor([-0.2132, -0.2684, -0.1811, -0.2326, -0.2068, -0.2090])
tensor([-0.1113, -0.1285, -0.0862])
tensor([-0.0040, -0.0035])
tensor([0.0379, 0.0363, 0.0387])
tensor([-0.0422, -0.0366, -0.0687])
tensor([0.0314, 0.0309])
tensor([-0.2089, -0.2206, -0.1998])
tensor([-1.7787, -1.7499, -1.7628, -1.8302, -1.8309])
tensor([0.0052, 0.0069, 0.0042])
tensor([-5.3767, -5.3786, -5.3370, -5.3992, -5.4251, -5.3783, -5.3818, -5.3610,
        -5.3528, -5.4534, -5.4465, -5.3806, -5.3984, -5.3996])
tensor([-0.0526, -0.0444])
tensor([-2.0932, -2.0440, -2.0678, -2.0624, -2.0387, -2.0283, -2.0889, -2.0876,
        -2.0913, -2.0573, -2.0832, -2.1016])
tensor([0.0387, 0.0390])
tensor([-0.0771, -0.0710, -0.0604])
tensor([-0.2126, -0.3191, -0.2210])
tensor([-0.0655, -0.0607])
tensor([-0.0836, -0.1129, -0.0794, -0.0779, -0.0746, -0.0886, -0.0854, -0.0738])
tensor([-0.0090, -0.0192])
tensor([0.0153, 0.0141])
tensor([-0.0844, -0.1147, -0.1284, -0.0802])
tensor([-0.1158, -0.0769, -0.0918, -0.0665, -0.0731])
tensor([-0.3066, -0.1858, -0.1499])
tensor([-0.0416, -0.0413])
tensor([-0.3677, -0.3924, -0.3966, -0.3285, -0.3556, -0.3638, -0.3243])
tensor([0.0069, 0.0044])
tensor([-1.0980, -1.1367, -1.0873, -1.1294, -1.1370, -1.1355, -1.1360])
tensor([-6.9773, -6.9791, -6.9995, -7.0226, -6.9807, -6.9860, -7.0472, -6.9621,
        -6.9525, -7.0627, -7.0448, -6.9769, -6.9925, -6.9915])
tensor([-0.1395, -0.1070])
tensor([-0.0271, -0.0404, -0.0611, -0.0292, -0.0369])
tensor([-0.0400, -0.0484, -0.0459, -0.0243])
tensor([-2.2900, -2.2513, -2.2695, -2.2653, -2.2458, -2.2872, -2.2917, -2.2820,
        -2.2560, -2.2855, -2.3066])
tensor([-0.6812, -0.7156, -0.7186, -0.7165, -0.7091, -0.7160, -0.7146, -0.7154])
tensor([-0.3252, -0.2408, -0.2383, -0.3171, -0.2454, -0.2747, -0.2824, -0.2401,
        -0.2375])
tensor([-0.0517, -0.0570, -0.0539])
tensor([-0.2472, -0.2670, -0.2419, -0.2401, -0.2389, -0.2535, -0.2478])
tensor([-0.3086, -0.3049, -0.3078, -0.3060, -0.3017, -0.3053, -0.3042, -0.3068])
tensor([-0.0024, -0.0031])
tensor([-1.9094, -1.8922, -1.8893, -1.8711, -1.9269, -1.9082, -1.9142, -1.8986,
        -1.8783, -1.9080, -1.9277])
tensor([-0.1803, -0.1435])
tensor([-7.0786, -7.0805, -7.1017, -7.1020, -7.1597, -7.0822, -7.0880, -7.1519,
        -7.0633, -7.1745, -7.1489, -7.0780, -7.1268, -7.0916])
tensor([-1.2540, -1.2403, -1.2373, -1.2684, -1.2534, -1.2605, -1.2429, -1.2263,
        -1.2552, -1.2691])
tensor([0.0341, 0.0299])
tensor([0.0035, 0.0020, 0.0044])
tensor([-0.2131, -0.2194, -0.2145, -0.2158, -0.2174, -0.2216, -0.2083])
tensor([-0.2854, -0.3065, -0.2805, -0.2791, -0.2781, -0.2913])
tensor([-0.0412, -0.0465, -0.0399])
tensor([-5.4513, -5.4534, -5.4752, -5.4720, -5.5330, -5.4541, -5.4646, -5.5257,
        -5.5531, -5.5187, -5.4506, -5.5009, -5.4605])
tensor([-0.0298, -0.0264, -0.0258])
tensor([-0.2432, -0.2478, -0.2449, -0.2458, -0.2496, -0.2388])
tensor([-0.7978, -0.7887, -0.7856, -0.8082, -0.8092, -0.8070, -0.7839, -0.7723,
        -0.8020, -0.8090])
tensor([-3.9936, -3.9954, -4.0130, -4.0060, -4.0586, -3.9948, -4.0142, -4.0526,
        -4.0788, -4.0482, -4.0333, -4.0331])
tensor([-0.0064, -0.0018])
tensor([0.0314, 0.0293, 0.0306])
tensor([-0.0881, -0.0911])
tensor([-0.2117, -0.2294, -0.2072, -0.2055, -0.2160])
tensor([-0.1322, -0.1602, -0.1161, -0.1265])
tensor([-0.5089, -0.5119, -0.5113, -0.5103, -0.5102, -0.5249, -0.5098, -0.5297,
        -0.5089])
tensor([0.0259, 0.0253])
tensor([0.0418, 0.0398])
tensor([0.0254, 0.0257])
tensor([-1.2120, -1.2137, -1.2164, -1.2148, -1.2066, -1.2147])
tensor([-0.2510, -0.1459, -0.1442, -0.2212, -0.1418, -0.1544, -0.1766, -0.1873,
        -0.1502])
tensor([-0.1361, -0.1500, -0.1319])
tensor([-0.0531, -0.0492])
tensor([-0.1920, -0.1979, -0.1949, -0.2041, -0.1781])
tensor([-0.2533, -0.1218, -0.1185, -0.2227, -0.1400, -0.1830, -0.1887, -0.1301])
tensor([0.0303, 0.0297, 0.0294])
tensor([0.0341, 0.0264, 0.0263])
tensor([-0.1592, -0.1548])
tensor([0.0390, 0.0379])
tensor([-0.1416, -0.1193])
tensor([-0.2037, -0.2266, -0.1993, -0.2081, -0.1808, -0.1719])
tensor([-4.2122, -4.2311, -4.2201, -4.2710, -4.2091, -4.2701, -4.2393, -4.2657,
        -4.3072, -4.2660, -4.2513, -4.2513])
tensor([-0.0916, -0.0800, -0.0909, -0.1030, -0.0775])
tensor([0.0326, 0.0345])
tensor([0.0308, 0.0315])
tensor([0.0145, 0.0113])
tensor([-0.3372, -0.2839, -0.3396, -0.2914, -0.2868, -0.3408, -0.3409, -0.3523,
        -0.2747])
tensor([-0.0806, -0.0799, -0.0963, -0.0673])
tensor([-0.2446, -0.1382, -0.1365, -0.1529, -0.1857, -0.1939, -0.1447])
tensor([-0.1359, -0.1091, -0.1124])
tensor([-1.7662, -1.7791, -1.7680, -1.7800, -1.7716, -1.7640, -1.7764, -1.7840])
tensor([-0.3035, -0.3104, -0.3064, -0.3220, -0.2898, -0.2898])
tensor([-0.0930, -0.0923, -0.1044, -0.0737])
tensor([-0.2210, -0.2259, -0.2232, -0.2355, -0.1937])
tensor([-0.1487, -0.1392])
tensor([-0.1777, -0.1911, -0.1849, -0.1998])
tensor([-0.2812, -0.3011, -0.2777, -0.2858, -0.2615])
tensor([-0.0913, -0.0907, -0.1046])
tensor([0.0353, 0.0344, 0.0395])
tensor([-0.0736, -0.0786, -0.0752])
tensor([-0.1290, -0.2125, -0.1319, -0.1267])
tensor([0.0327, 0.0275])
tensor([0.0289, 0.0293])
tensor([-0.1007, -0.1144])
tensor([0.0286, 0.0271])
tensor([-0.0949, -0.0925])
tensor([-5.7160, -5.7890, -5.7394, -5.7242, -5.7820, -5.8193, -5.7331, -5.7759,
        -5.8445, -5.7807, -5.7630, -5.7626, -5.8435])
tensor([-0.5615, -0.5383, -0.5590, -0.5646, -0.5643, -0.5849, -0.5573, -0.5886,
        -0.5367, -0.5644])
tensor([-0.2087, -0.2041, -0.2180])
tensor([-0.0892, -0.0970, -0.0872, -0.0993, -0.0843])
tensor([0.0127, 0.0146])
tensor([-0.0330, -0.0430, -0.0370, -0.0408, -0.0359, -0.0331])
tensor([0.0354, 0.0329, 0.0327])
tensor([-0.4803, -0.3843, -0.3839, -0.3948, -0.4266, -0.4468])
tensor([0.0311, 0.0356, 0.0309])
tensor([0.0279, 0.0264])
tensor([-0.3740, -0.2931, -0.3749, -0.3276, -0.3222, -0.3823, -0.3779, -0.3938,
        -0.3025])
tensor([-2.5418, -2.5574, -2.5396, -2.5498, -2.5391, -2.5549, -2.5758])
tensor([-0.0841, -0.0913, -0.0828, -0.0935])
tensor([-0.1735, -0.2030, -0.1658, -0.1822, -0.1049, -0.1097, -0.1065])
tensor([-0.4070, -0.4066])
tensor([-0.2237, -0.2346])
tensor([-0.1873, -0.1640])
tensor([-0.4000, -0.3088, -0.3174, -0.3448, -0.3610])
tensor([0.0378, 0.0356])
tensor([-0.0611, -0.0540, -0.0596, -0.0523, -0.0414])
tensor([-0.1770, -0.1297])
tensor([-0.0917, -0.0856, -0.0930])
tensor([-4.9171, -4.9663, -4.9346, -4.9142, -5.0024, -4.9395, -4.9617, -5.0225,
        -5.0372, -4.9689, -4.9526, -4.9524, -5.0227])
tensor([0.0266, 0.0276, 0.0241])
tensor([0.0071, 0.0078])
tensor([0.0243, 0.0202])
tensor([-6.2958, -6.3645, -6.3194, -6.4027, -6.3129, -6.3845, -6.4228, -6.4406,
        -6.3620, -6.3423, -6.3421, -6.4248])
tensor([-0.3510, -0.1204, -0.2237, -0.1567, -0.2814, -0.2946])
tensor([-0.0988, -0.1000])
tensor([-4.9260, -4.9435, -5.0043, -4.9481, -4.9910, -5.0183, -5.0385, -4.9741,
        -4.9589, -4.9592, -5.0220])
tensor([0.0340, 0.0370, 0.0370])
tensor([-0.7824, -0.7813, -0.7844, -0.7815, -0.7857])
tensor([0.0394, 0.0405])
tensor([-0.1299, -0.1243, -0.1281, -0.1236])
tensor([0.0236, 0.0236, 0.0247])
tensor([-1.6583, -1.6547, -1.6930, -1.6962, -1.6950, -1.6471, -1.6923, -1.7300,
        -1.7309, -1.7294])
tensor([-2.2673, -2.2260, -2.2392, -2.2606, -2.2312, -2.2319, -2.2366, -2.2586,
        -2.2681, -2.2606])
tensor([-0.3527, -0.2272, -0.1609, -0.2818, -0.2989, -0.1465])
tensor([-0.4125, -0.4363, -0.4068, -0.4196, -0.3707, -0.3696])
tensor([-0.0498, -0.0465])
tensor([-0.1097, -0.1081, -0.1006])
tensor([-0.0162, -0.0151])
tensor([0.0266, 0.0249])
tensor([-0.0607, -0.0603, -0.0588])
tensor([-0.1124, -0.1107])
tensor([-0.6252, -0.6260, -0.6306, -0.6267])
tensor([-0.4088, -0.4087, -0.4176])
tensor([-5.0881, -5.1066, -5.1690, -5.1096, -5.1034, -5.1794, -5.2108, -5.1382,
        -5.1226, -5.1857, -5.2045])
tensor([-0.0670, -0.0816])
tensor([-0.0758, -0.0742])
tensor([-0.2753, -0.2730])
tensor([-0.0241, -0.0243])
tensor([0.0278, 0.0245])
tensor([-0.2521, -0.2807, -0.2470, -0.1925, -0.2591, -0.1960, -0.2140])
tensor([0.0385, 0.0394, 0.0371])
tensor([0.0426, 0.0419])
tensor([-0.3193, -0.2240, -0.1764, -0.1642, -0.2615, -0.2762])
tensor([-0.1590, -0.1184])
tensor([-1.9129, -1.8867, -1.9011, -1.8758, -1.8802, -1.8840, -1.9048, -1.9239,
        -1.9058])
tensor([0.0406, 0.0410])
tensor([-1.7014, -1.6978, -1.7379, -1.7419, -1.7858, -1.7430, -1.7408, -1.7759,
        -1.7889, -1.7798, -1.7855, -1.7889])
tensor([-0.0681, -0.0582])
tensor([0.0213, 0.0226, 0.0219, 0.0246])
tensor([-0.4136, -0.4345, -0.3439, -0.4083, -0.4191, -0.3480, -0.3666, -0.3432])
tensor([-0.0479, -0.0487, -0.0508, -0.0468])
tensor([-1.9533, -1.9271, -1.9394, -1.9209, -1.9247, -1.9452, -1.9669, -1.9460])
tensor([-0.0721, -0.1109, -0.0686])
